RSASIQHT:1024,1
FileDateTime:2024-01-23T21:56:33.562
Hardware:RSA306B,B021354,V7
Software/Firmware:1.0.0014,V1.7,V2.1
ReferenceLevel:0.00
CenterFrequency:1000000000.00
SampleRate:56000000.000
AcqBandwidth:40000000.00
NumberSamples:5600000
NumberFormat:IQ-Int16
DataScale:6.6467128E-05
DataEndian:Little
RecordUtcSec:001706046993.564105321
RecordUtcTime:2024-01-23T21:56:33.564105321
RecordLclTime:2024-01-23T21:56:33.564105321
TriggerIndex:0
TriggerUtcSec:001706046993.564105321
TriggerUtcTime:2024-01-23T21:56:33.564105321
TriggerLclTime:2024-01-23T21:56:33.564105321
AcqStatus:0x00000000
RefTimeSource:System
FreqRefSource:Intern
                                                                                                                                                                                                                                                                                                                                                                                  